4294967278,321
4294967278,320
4294967278,319
4294967278,318
4294967278,317
4294967278,316
4294967278,315
4294967278,314
4294967278,313
4294967278,312
4294967278,311
4294967278,310
4294967278,309
4294967278,308
4294967278,307
4294967278,306
4294967278,305
4294967278,304
4294967278,303
4294967278,302
4294967279,308
4294967278,301
4294967278,300
2,131
2,130
2,129
2,128
2,127
2,126
2,125
2,124
2,123
2,122
2,121
4294967278,299
2,120
2,119
2,118
2,117
2,116
2,115
2,114
2,113
2,112
4294967279,307
2,111
2,110
2,109
2,108
2,107
2,106
2,105
2,104
2,103
2,102
2,101
2,100
2,99
4294967278,298
2,98
2,97
2,96
2,95
2,94
2,93
2,92
4294967279,306
2,91
2,90
2,89
2,88
2,87
2,86
2,85
2,84
2,83
2,82
2,81
2,80
2,79
2,78
2,77
4294967278,297
2,76
2,75
2,74
2,73
2,72
4294967279,305
2,71
2,70
2,69
2,68
2,67
2,66
2,65
2,64
2,36
2,35
2,34
2,33
2,32
2,31
2,30
2,29
2,28
4294967279,304
2,27
2,26
2,25
2,24
2,23
2,22
2,21
4294967278,296
2,20
2,19
2,18
2,17
2,16
2,15
2,14
2,13
2,12
2,11
2,10
2,9
2,8
4294967279,303
4294967278,295
4294967279,302
4294967278,294
4294967279,301
4294967278,293
4294967279,300
4294967278,292
4294967279,299
4294967278,291
4294967279,298
4294967278,290
4294967279,297
4294967279,296
2,7
2,6
2,5
4294967279,295
4294967279,294
4294967279,293
4294967279,292
4294967279,291
2,4
2,3
2,2
2,1
4294967294,187
4294967294,472
4294967278,279
4294967293,131
4294967293,130
4294967293,129
4294967293,128
4294967293,127
4294967293,126
4294967293,125
4294967293,124
4294967293,123
4294967293,122
4294967293,121
4294967293,120
4294967293,119
4294967293,118
4294967293,117
4294967293,116
4294967293,115
4294967293,114
4294967293,113
4294967293,112
4294967293,111
4294967293,110
4294967293,109
4294967293,108
4294967293,107
4294967293,106
4294967293,105
4294967293,104
4294967293,103
4294967293,102
4294967293,101
4294967293,100
4294967293,99
4294967293,98
4294967293,97
4294967293,96
4294967293,95
4294967293,94
4294967293,93
4294967293,92
4294967293,91
4294967293,90
4294967293,89
4294967293,88
4294967293,87
4294967293,86
4294967293,85
4294967293,84
4294967293,83
4294967293,82
4294967293,81
4294967293,80
4294967293,79
4294967293,78
4294967293,77
4294967293,76
4294967293,75
4294967293,74
4294967293,73
4294967293,72
4294967293,71
4294967293,70
4294967293,69
4294967293,68
4294967293,67
4294967293,66
4294967293,65
4294967293,64
4294967293,63
4294967293,62
4294967293,61
4294967293,60
4294967293,59
4294967293,58
4294967293,57
4294967293,56
4294967293,55
4294967293,54
4294967293,53
4294967293,52
4294967293,51
4294967293,50
4294967293,49
4294967293,48
4294967293,47
4294967293,46
4294967293,45
4294967293,44
4294967293,43
4294967293,42
4294967293,41
4294967293,40
4294967293,39
4294967293,38
4294967293,37
4294967293,36
4294967293,35
4294967293,34
4294967293,33
4294967293,32
4294967293,31
4294967293,30
4294967293,29
4294967293,28
4294967293,27
4294967293,26
4294967293,25
4294967293,24
4294967293,23
4294967293,22
4294967293,21
4294967293,20
4294967293,19
4294967293,18
4294967293,17
4294967293,16
4294967293,15
4294967293,14
4294967293,13
4294967293,12
4294967293,11
4294967293,10
4294967293,9
4294967293,8
4294967293,7
4294967293,6
4294967293,5
4294967293,4
4294967293,3
4294967293,2
4243767290,0
4243767289,0
4243767288,0
